HyperCLaw-V1.1
2
Ey
Bx
3
0
0
-9.9999999999999995e-07 -9.9999999999999995e-07 0
9.9999999999999995e-07 9.9999999999999995e-07 3.9999999999999998e-06

((0,0,0) (31,31,127) (0,0,0))
0
6.2499999999999997e-08 6.2499999999999997e-08 3.1249999999999999e-08
0
0
0 2 0
0
-9.9999999999999995e-07 9.9999999999999995e-07
-9.9999999999999995e-07 9.9999999999999995e-07
0 1.9999999999999999e-06
-9.9999999999999995e-07 9.9999999999999995e-07
-9.9999999999999995e-07 9.9999999999999995e-07
1.9999999999999999e-06 3.9999999999999998e-06
Level_0/Cell
